#This file contains viewpoints for a VMD script, view_change.tcl.
#Type 'source vps_coordinate.tcl' from the VMD command window to load these viewpoints.

set viewpoints(0,0,0) { {{0.354471 -0.568716 -0.742195 0} {0.897917 0.428458 0.100526 0} {0.260825 -0.702094 0.662567 0} {0 0 0 1}} }
 
set viewpoints(0,0,1) { {{1 0 0 -115.492} {0 1 0 -116.056} {0 0 1 -54.6035} {0 0 0 1}} }
 
set viewpoints(1,0,0) { {{-0.474012 0.738346 0.479689 0} {0.879172 0.426606 0.21213 0} {-0.0480057 0.52231 -0.851386 0} {0 0 0 1}} }
 
set viewpoints(0,0,2) { {{0.0181475 0 0 0} {0 0.0181475 0 0} {0 0 0.0181475 0} {0 0 0 1}} }
 
set viewpoints(1,0,1) { {{1 0 0 -115.492} {0 1 0 -116.056} {0 0 1 -54.6035} {0 0 0 1}} }
 
set viewpoints(2,0,0) { {{0.161576 -0.760566 0.628817 0} {0.924217 0.339975 0.173711 0} {-0.345909 0.5531 0.757879 0} {0 0 0 1}} }
 
set viewpoints(3,0,0) { {{0.257549 -0.902866 0.344202 0} {0.934654 0.323115 0.148173 0} {-0.245006 0.283541 0.927114 0} {0 0 0 1}} }
 
set viewpoints(0,0,3) { {{1 0 0 0} {0 1 0 0} {0 0 1 0} {0 0 0 1}} }
 
set viewpoints(1,0,2) { {{0.0181475 0 0 0} {0 0.0181475 0 0} {0 0 0.0181475 0} {0 0 0 1}} }
 
set viewpoints(2,0,1) { {{1 0 0 -115.492} {0 1 0 -116.056} {0 0 1 -54.6035} {0 0 0 1}} }
 
set viewpoints(4,0,0) { {{0.517328 -0.493373 -0.699224 0} {0.305973 0.869694 -0.38729 0} {0.799185 -0.0135984 0.600887 0} {0 0 0 1}} }
 
set viewpoints(3,0,1) { {{1 0 0 -115.492} {0 1 0 -116.056} {0 0 1 -54.6035} {0 0 0 1}} }
 
set viewpoints(1,0,3) { {{1 0 0 0} {0 1 0 0} {0 0 1 0} {0 0 0 1}} }
 
set viewpoints(2,0,2) { {{0.0181475 0 0 0} {0 0.0181475 0 0} {0 0 0.0181475 0} {0 0 0 1}} }
 
set viewpoints(4,0,1) { {{1 0 0 -115.492} {0 1 0 -116.056} {0 0 1 -54.6035} {0 0 0 1}} }
 
set viewpoints(3,0,2) { {{0.0181475 0 0 0} {0 0.0181475 0 0} {0 0 0.0181475 0} {0 0 0 1}} }
 
set viewpoints(2,0,3) { {{1 0 0 0} {0 1 0 0} {0 0 1 0} {0 0 0 1}} }
 
set viewpoints(4,0,2) { {{0.0151108 0 0 0} {0 0.0151108 0 0} {0 0 0.0151108 0} {0 0 0 1}} }
 
set viewpoints(3,0,3) { {{1 0 0 0} {0 1 0 0} {0 0 1 0} {0 0 0 1}} }
 
set viewpoints(4,0,3) { {{1 0 0 0} {0 1 0 0} {0 0 1 0} {0 0 0 1}} }
 
puts "\nLoaded viewpoints file vps_coordinate.tcl \n"

